1 2 0.000
1 2 0.016
1 2 0.032
1 2 0.048
1 2 0.065
1 2 0.081
1 2 0.097
1 2 0.113
1 2 0.129
1 2 0.145
1 2 0.161
1 2 0.177
1 2 0.194
1 2 0.210
1 2 0.226
1 2 0.242
1 2 0.258
1 2 0.274
1 2 0.290
1 2 0.306
1 2 0.323
1 2 0.339
1 2 0.355
1 2 0.371
1 2 0.387
1 2 0.403
1 2 0.419
1 2 0.435
1 2 0.452
1 2 0.468
1 2 0.484
1 2 0.500
1 2 0.516
1 2 0.532
1 2 0.548
1 2 0.565
1 2 0.581
1 2 0.597
1 2 0.613
1 2 0.629
1 2 0.645
1 2 0.661
1 2 0.677
1 2 0.694
1 2 0.710
1 2 0.726
1 2 0.742
1 2 0.758
1 2 0.774
1 2 0.790
1 2 0.806
1 2 0.823
1 2 0.839
1 2 0.855
1 2 0.871
1 2 0.887
1 2 0.903
1 2 0.919
1 2 0.935
1 2 0.952
1 2 0.968
1 2 0.984
1 2 1.000
2 3 0.000
2 3 0.016
2 3 0.032
2 3 0.048
2 3 0.065
2 3 0.081
2 3 0.097
2 3 0.113
2 3 0.129
2 3 0.145
2 3 0.161
2 3 0.177
2 3 0.194
2 3 0.210
2 3 0.226
2 3 0.242
2 3 0.258
2 3 0.274
2 3 0.290
2 3 0.306
